"Energy (eV)"	"Flux (ph/s/0.1%B.W.)"
1.00000e+1	2.78223e+13
1.43327e+2	1.64108e+14
2.76653e+2	2.53910e+14
4.09980e+2	3.29159e+14
5.43307e+2	3.95882e+14
6.76633e+2	4.56653e+14
8.09960e+2	5.12878e+14
9.43287e+2	5.65433e+14
1.07661e+3	6.14911e+14
1.20994e+3	6.61739e+14
1.34327e+3	7.06236e+14
1.47659e+3	7.48652e+14
1.60992e+3	7.89185e+14
1.74325e+3	8.27997e+14
1.87657e+3	8.65224e+14
2.00990e+3	9.00979e+14
2.14323e+3	9.35362e+14
2.27655e+3	9.68455e+14
2.40988e+3	1.00033e+15
2.54321e+3	1.03106e+15
2.67653e+3	1.06071e+15
2.80986e+3	1.08931e+15
2.94319e+3	1.11692e+15
3.07651e+3	1.14359e+15
3.20984e+3	1.16935e+15
3.34317e+3	1.19424e+15
3.47649e+3	1.21829e+15
3.60982e+3	1.24154e+15
3.74315e+3	1.26401e+15
3.87647e+3	1.28573e+15
4.00980e+3	1.30672e+15
4.14313e+3	1.32701e+15
4.27645e+3	1.34663e+15
4.40978e+3	1.36558e+15
4.54311e+3	1.38390e+15
4.67643e+3	1.40160e+15
4.80976e+3	1.41870e+15
4.94309e+3	1.43521e+15
5.07641e+3	1.45116e+15
5.20974e+3	1.46655e+15
5.34307e+3	1.48141e+15
5.47639e+3	1.49574e+15
5.60972e+3	1.50957e+15
5.74305e+3	1.52290e+15
5.87637e+3	1.53574e+15
6.00970e+3	1.54812e+15
6.14303e+3	1.56003e+15
6.27635e+3	1.57150e+15
6.40968e+3	1.58253e+15
6.54301e+3	1.59313e+15
6.67633e+3	1.60331e+15
6.80966e+3	1.61309e+15
6.94299e+3	1.62248e+15
7.07631e+3	1.63147e+15
7.20964e+3	1.64009e+15
7.34297e+3	1.64833e+15
7.47629e+3	1.65622e+15
7.60962e+3	1.66375e+15
7.74295e+3	1.67094e+15
7.87627e+3	1.67779e+15
8.00960e+3	1.68431e+15
8.14293e+3	1.69051e+15
8.27625e+3	1.69639e+15
8.40958e+3	1.70196e+15
8.54291e+3	1.70724e+15
8.67623e+3	1.71222e+15
8.80956e+3	1.71691e+15
8.94289e+3	1.72132e+15
9.07621e+3	1.72545e+15
9.20954e+3	1.72931e+15
9.34287e+3	1.73292e+15
9.47619e+3	1.73626e+15
9.60952e+3	1.73935e+15
9.74285e+3	1.74220e+15
9.87617e+3	1.74480e+15
1.00095e+4	1.74717e+15
1.01428e+4	1.74931e+15
1.02762e+4	1.75122e+15
1.04095e+4	1.75291e+15
1.05428e+4	1.75439e+15
1.06761e+4	1.75565e+15
1.08095e+4	1.75671e+15
1.09428e+4	1.75757e+15
1.10761e+4	1.75823e+15
1.12094e+4	1.75869e+15
1.13428e+4	1.75897e+15
1.14761e+4	1.75906e+15
1.16094e+4	1.75897e+15
1.17427e+4	1.75871e+15
1.18761e+4	1.75827e+15
1.20094e+4	1.75767e+15
1.21427e+4	1.75690e+15
1.22761e+4	1.75597e+15
1.24094e+4	1.75488e+15
1.25427e+4	1.75364e+15
1.26760e+4	1.75224e+15
1.28094e+4	1.75070e+15
1.29427e+4	1.74902e+15
1.30760e+4	1.74720e+15
1.32093e+4	1.74523e+15
1.33427e+4	1.74314e+15
1.34760e+4	1.74091e+15
1.36093e+4	1.73856e+15
1.37426e+4	1.73608e+15
1.38760e+4	1.73348e+15
1.40093e+4	1.73076e+15
1.41426e+4	1.72793e+15
1.42760e+4	1.72498e+15
1.44093e+4	1.72192e+15
1.45426e+4	1.71875e+15
1.46759e+4	1.71548e+15
1.48093e+4	1.71210e+15
1.49426e+4	1.70863e+15
1.50759e+4	1.70505e+15
1.52092e+4	1.70138e+15
1.53426e+4	1.69762e+15
1.54759e+4	1.69377e+15
1.56092e+4	1.68983e+15
1.57425e+4	1.68580e+15
1.58759e+4	1.68169e+15
1.60092e+4	1.67750e+15
1.61425e+4	1.67323e+15
1.62759e+4	1.66888e+15
1.64092e+4	1.66446e+15
1.65425e+4	1.65996e+15
1.66758e+4	1.65539e+15
1.68092e+4	1.65075e+15
1.69425e+4	1.64605e+15
1.70758e+4	1.64128e+15
1.72091e+4	1.63644e+15
1.73425e+4	1.63155e+15
1.74758e+4	1.62659e+15
1.76091e+4	1.62158e+15
1.77424e+4	1.61651e+15
1.78758e+4	1.61138e+15
1.80091e+4	1.60620e+15
1.81424e+4	1.60097e+15
1.82758e+4	1.59569e+15
1.84091e+4	1.59036e+15
1.85424e+4	1.58498e+15
1.86757e+4	1.57956e+15
1.88091e+4	1.57410e+15
1.89424e+4	1.56859e+15
1.90757e+4	1.56304e+15
1.92090e+4	1.55745e+15
1.93424e+4	1.55182e+15
1.94757e+4	1.54616e+15
1.96090e+4	1.54046e+15
1.97423e+4	1.53473e+15
1.98757e+4	1.52896e+15
2.00090e+4	1.52316e+15
2.01423e+4	1.51733e+15
2.02757e+4	1.51147e+15
2.04090e+4	1.50559e+15
2.05423e+4	1.49967e+15
2.06756e+4	1.49373e+15
2.08090e+4	1.48777e+15
2.09423e+4	1.48178e+15
2.10756e+4	1.47577e+15
2.12089e+4	1.46973e+15
2.13423e+4	1.46368e+15
2.14756e+4	1.45761e+15
2.16089e+4	1.45152e+15
2.17422e+4	1.44541e+15
2.18756e+4	1.43928e+15
2.20089e+4	1.43314e+15
2.21422e+4	1.42698e+15
2.22756e+4	1.42082e+15
2.24089e+4	1.41463e+15
2.25422e+4	1.40844e+15
2.26755e+4	1.40223e+15
2.28089e+4	1.39602e+15
2.29422e+4	1.38979e+15
2.30755e+4	1.38355e+15
2.32088e+4	1.37731e+15
2.33422e+4	1.37106e+15
2.34755e+4	1.36480e+15
2.36088e+4	1.35854e+15
2.37421e+4	1.35227e+15
2.38755e+4	1.34600e+15
2.40088e+4	1.33973e+15
2.41421e+4	1.33345e+15
2.42755e+4	1.32717e+15
2.44088e+4	1.32089e+15
2.45421e+4	1.31460e+15
2.46754e+4	1.30832e+15
2.48088e+4	1.30204e+15
2.49421e+4	1.29576e+15
2.50754e+4	1.28948e+15
2.52087e+4	1.28320e+15
2.53421e+4	1.27692e+15
2.54754e+4	1.27065e+15
2.56087e+4	1.26438e+15
2.57420e+4	1.25812e+15
2.58754e+4	1.25186e+15
2.60087e+4	1.24560e+15
2.61420e+4	1.23935e+15
2.62754e+4	1.23311e+15
2.64087e+4	1.22688e+15
2.65420e+4	1.22065e+15
2.66753e+4	1.21443e+15
2.68087e+4	1.20822e+15
2.69420e+4	1.20201e+15
2.70753e+4	1.19582e+15
2.72086e+4	1.18963e+15
2.73420e+4	1.18346e+15
2.74753e+4	1.17729e+15
2.76086e+4	1.17113e+15
2.77419e+4	1.16499e+15
2.78753e+4	1.15886e+15
2.80086e+4	1.15273e+15
2.81419e+4	1.14662e+15
2.82753e+4	1.14053e+15
2.84086e+4	1.13444e+15
2.85419e+4	1.12837e+15
2.86752e+4	1.12231e+15
2.88086e+4	1.11627e+15
2.89419e+4	1.11024e+15
2.90752e+4	1.10422e+15
2.92085e+4	1.09822e+15
2.93419e+4	1.09223e+15
2.94752e+4	1.08626e+15
2.96085e+4	1.08031e+15
2.97418e+4	1.07437e+15
2.98752e+4	1.06844e+15
3.00085e+4	1.06253e+15
3.01418e+4	1.05664e+15
3.02752e+4	1.05076e+15
3.04085e+4	1.04490e+15
3.05418e+4	1.03906e+15
3.06751e+4	1.03324e+15
3.08085e+4	1.02743e+15
3.09418e+4	1.02164e+15
3.10751e+4	1.01587e+15
3.12084e+4	1.01012e+15
3.13418e+4	1.00438e+15
3.14751e+4	9.98665e+14
3.16084e+4	9.92967e+14
3.17417e+4	9.87288e+14
3.18751e+4	9.81628e+14
3.20084e+4	9.75988e+14
3.21417e+4	9.70365e+14
3.22751e+4	9.64763e+14
3.24084e+4	9.59181e+14
3.25417e+4	9.53619e+14
3.26750e+4	9.48077e+14
3.28084e+4	9.42555e+14
3.29417e+4	9.37053e+14
3.30750e+4	9.31572e+14
3.32083e+4	9.26111e+14
3.33417e+4	9.20670e+14
3.34750e+4	9.15250e+14
3.36083e+4	9.09851e+14
3.37416e+4	9.04473e+14
3.38750e+4	8.99116e+14
3.40083e+4	8.93779e+14
3.41416e+4	8.88464e+14
3.42750e+4	8.83170e+14
3.44083e+4	8.77897e+14
3.45416e+4	8.72646e+14
3.46749e+4	8.67416e+14
3.48083e+4	8.62207e+14
3.49416e+4	8.57020e+14
3.50749e+4	8.51855e+14
3.52082e+4	8.46711e+14
3.53416e+4	8.41590e+14
3.54749e+4	8.36490e+14
3.56082e+4	8.31411e+14
3.57415e+4	8.26355e+14
3.58749e+4	8.21321e+14
3.60082e+4	8.16309e+14
3.61415e+4	8.11318e+14
3.62749e+4	8.06350e+14
3.64082e+4	8.01404e+14
3.65415e+4	7.96480e+14
3.66748e+4	7.91578e+14
3.68082e+4	7.86698e+14
3.69415e+4	7.81841e+14
3.70748e+4	7.77006e+14
3.72081e+4	7.72193e+14
3.73415e+4	7.67402e+14
3.74748e+4	7.62634e+14
3.76081e+4	7.57887e+14
3.77414e+4	7.53163e+14
3.78748e+4	7.48462e+14
3.80081e+4	7.43783e+14
3.81414e+4	7.39126e+14
3.82748e+4	7.34491e+14
3.84081e+4	7.29878e+14
3.85414e+4	7.25288e+14
3.86747e+4	7.20720e+14
3.88081e+4	7.16175e+14
3.89414e+4	7.11651e+14
3.90747e+4	7.07150e+14
3.92080e+4	7.02671e+14
3.93414e+4	6.98215e+14
3.94747e+4	6.93780e+14
3.96080e+4	6.89368e+14
3.97413e+4	6.84978e+14
3.98747e+4	6.80610e+14
4.00080e+4	6.76264e+14
4.01413e+4	6.71940e+14
4.02747e+4	6.67638e+14
4.04080e+4	6.63358e+14
4.05413e+4	6.59100e+14
4.06746e+4	6.54864e+14
4.08080e+4	6.50650e+14
4.09413e+4	6.46458e+14
4.10746e+4	6.42288e+14
4.12079e+4	6.38140e+14
4.13413e+4	6.34013e+14
4.14746e+4	6.29908e+14
4.16079e+4	6.25825e+14
4.17412e+4	6.21763e+14
4.18746e+4	6.17723e+14
4.20079e+4	6.13705e+14
4.21412e+4	6.09708e+14
4.22746e+4	6.05732e+14
4.24079e+4	6.01778e+14
4.25412e+4	5.97845e+14
4.26745e+4	5.93934e+14
4.28079e+4	5.90043e+14
4.29412e+4	5.86174e+14
4.30745e+4	5.82326e+14
4.32078e+4	5.78500e+14
4.33412e+4	5.74694e+14
4.34745e+4	5.70909e+14
4.36078e+4	5.67145e+14
4.37411e+4	5.63402e+14
4.38745e+4	5.59680e+14
4.40078e+4	5.55978e+14
4.41411e+4	5.52297e+14
4.42745e+4	5.48637e+14
4.44078e+4	5.44998e+14
4.45411e+4	5.41378e+14
4.46744e+4	5.37780e+14
4.48078e+4	5.34201e+14
4.49411e+4	5.30643e+14
4.50744e+4	5.27105e+14
4.52077e+4	5.23588e+14
4.53411e+4	5.20090e+14
4.54744e+4	5.16612e+14
4.56077e+4	5.13155e+14
4.57410e+4	5.09717e+14
4.58744e+4	5.06299e+14
4.60077e+4	5.02901e+14
4.61410e+4	4.99522e+14
4.62744e+4	4.96163e+14
4.64077e+4	4.92824e+14
4.65410e+4	4.89504e+14
4.66743e+4	4.86204e+14
4.68077e+4	4.82923e+14
4.69410e+4	4.79661e+14
4.70743e+4	4.76418e+14
4.72076e+4	4.73194e+14
4.73410e+4	4.69990e+14
4.74743e+4	4.66804e+14
4.76076e+4	4.63637e+14
4.77409e+4	4.60490e+14
4.78743e+4	4.57360e+14
4.80076e+4	4.54250e+14
4.81409e+4	4.51158e+14
4.82743e+4	4.48084e+14
4.84076e+4	4.45029e+14
4.85409e+4	4.41993e+14
4.86742e+4	4.38974e+14
4.88076e+4	4.35974e+14
4.89409e+4	4.32992e+14
4.90742e+4	4.30028e+14
4.92075e+4	4.27082e+14
4.93409e+4	4.24154e+14
4.94742e+4	4.21244e+14
4.96075e+4	4.18351e+14
4.97408e+4	4.15476e+14
4.98742e+4	4.12619e+14
5.00075e+4	4.09779e+14
5.01408e+4	4.06956e+14
5.02742e+4	4.04151e+14
5.04075e+4	4.01363e+14
5.05408e+4	3.98593e+14
5.06741e+4	3.95839e+14
5.08075e+4	3.93103e+14
5.09408e+4	3.90383e+14
5.10741e+4	3.87680e+14
5.12074e+4	3.84995e+14
5.13408e+4	3.82325e+14
5.14741e+4	3.79673e+14
5.16074e+4	3.77037e+14
5.17407e+4	3.74417e+14
5.18741e+4	3.71814e+14
5.20074e+4	3.69228e+14
5.21407e+4	3.66657e+14
5.22741e+4	3.64103e+14
5.24074e+4	3.61565e+14
5.25407e+4	3.59042e+14
5.26740e+4	3.56536e+14
5.28074e+4	3.54045e+14
5.29407e+4	3.51571e+14
5.30740e+4	3.49112e+14
5.32073e+4	3.46668e+14
5.33407e+4	3.44240e+14
5.34740e+4	3.41828e+14
5.36073e+4	3.39431e+14
5.37406e+4	3.37049e+14
5.38740e+4	3.34683e+14
5.40073e+4	3.32332e+14
5.41406e+4	3.29995e+14
5.42740e+4	3.27674e+14
5.44073e+4	3.25368e+14
5.45406e+4	3.23076e+14
5.46739e+4	3.20799e+14
5.48073e+4	3.18537e+14
5.49406e+4	3.16290e+14
5.50739e+4	3.14057e+14
5.52072e+4	3.11838e+14
5.53406e+4	3.09634e+14
5.54739e+4	3.07444e+14
5.56072e+4	3.05269e+14
5.57405e+4	3.03107e+14
5.58739e+4	3.00960e+14
5.60072e+4	2.98827e+14
5.61405e+4	2.96707e+14
5.62739e+4	2.94602e+14
5.64072e+4	2.92510e+14
5.65405e+4	2.90432e+14
5.66738e+4	2.88367e+14
5.68072e+4	2.86316e+14
5.69405e+4	2.84279e+14
5.70738e+4	2.82254e+14
5.72071e+4	2.80244e+14
5.73405e+4	2.78246e+14
5.74738e+4	2.76262e+14
5.76071e+4	2.74291e+14
5.77404e+4	2.72332e+14
5.78738e+4	2.70387e+14
5.80071e+4	2.68455e+14
5.81404e+4	2.66535e+14
5.82738e+4	2.64628e+14
5.84071e+4	2.62734e+14
5.85404e+4	2.60853e+14
5.86737e+4	2.58984e+14
5.88071e+4	2.57127e+14
5.89404e+4	2.55283e+14
5.90737e+4	2.53451e+14
5.92070e+4	2.51631e+14
5.93404e+4	2.49824e+14
5.94737e+4	2.48028e+14
5.96070e+4	2.46245e+14
5.97403e+4	2.44474e+14
5.98737e+4	2.42714e+14
6.00070e+4	2.40967e+14
6.01403e+4	2.39231e+14
6.02737e+4	2.37506e+14
6.04070e+4	2.35794e+14
6.05403e+4	2.34093e+14
6.06736e+4	2.32403e+14
6.08070e+4	2.30725e+14
6.09403e+4	2.29058e+14
6.10736e+4	2.27403e+14
6.12069e+4	2.25759e+14
6.13403e+4	2.24125e+14
6.14736e+4	2.22503e+14
6.16069e+4	2.20892e+14
6.17402e+4	2.19292e+14
6.18736e+4	2.17703e+14
6.20069e+4	2.16125e+14
6.21402e+4	2.14557e+14
6.22736e+4	2.13000e+14
6.24069e+4	2.11454e+14
6.25402e+4	2.09918e+14
6.26735e+4	2.08393e+14
6.28069e+4	2.06878e+14
6.29402e+4	2.05373e+14
6.30735e+4	2.03879e+14
6.32068e+4	2.02395e+14
6.33402e+4	2.00921e+14
6.34735e+4	1.99458e+14
6.36068e+4	1.98004e+14
6.37401e+4	1.96561e+14
6.38735e+4	1.95127e+14
6.40068e+4	1.93703e+14
6.41401e+4	1.92289e+14
6.42735e+4	1.90885e+14
6.44068e+4	1.89491e+14
6.45401e+4	1.88106e+14
6.46734e+4	1.86731e+14
6.48068e+4	1.85365e+14
6.49401e+4	1.84009e+14
6.50734e+4	1.82662e+14
6.52067e+4	1.81324e+14
6.53401e+4	1.79996e+14
6.54734e+4	1.78677e+14
6.56067e+4	1.77367e+14
6.57400e+4	1.76066e+14
6.58734e+4	1.74774e+14
6.60067e+4	1.73492e+14
6.61400e+4	1.72218e+14
6.62734e+4	1.70953e+14
6.64067e+4	1.69697e+14
6.65400e+4	1.68449e+14
6.66733e+4	1.67211e+14
6.68067e+4	1.65981e+14
6.69400e+4	1.64759e+14
6.70733e+4	1.63547e+14
6.72066e+4	1.62342e+14
6.73400e+4	1.61146e+14
6.74733e+4	1.59959e+14
6.76066e+4	1.58780e+14
6.77399e+4	1.57609e+14
6.78733e+4	1.56446e+14
6.80066e+4	1.55291e+14
6.81399e+4	1.54145e+14
6.82733e+4	1.53007e+14
6.84066e+4	1.51876e+14
6.85399e+4	1.50754e+14
6.86732e+4	1.49640e+14
6.88066e+4	1.48533e+14
6.89399e+4	1.47434e+14
6.90732e+4	1.46343e+14
6.92065e+4	1.45260e+14
6.93399e+4	1.44184e+14
6.94732e+4	1.43116e+14
6.96065e+4	1.42056e+14
6.97398e+4	1.41003e+14
6.98732e+4	1.39958e+14
7.00065e+4	1.38920e+14
7.01398e+4	1.37889e+14
7.02732e+4	1.36865e+14
7.04065e+4	1.35849e+14
7.05398e+4	1.34840e+14
7.06731e+4	1.33839e+14
7.08065e+4	1.32844e+14
7.09398e+4	1.31857e+14
7.10731e+4	1.30876e+14
7.12064e+4	1.29903e+14
7.13398e+4	1.28936e+14
7.14731e+4	1.27976e+14
7.16064e+4	1.27024e+14
7.17397e+4	1.26078e+14
7.18731e+4	1.25138e+14
7.20064e+4	1.24206e+14
7.21397e+4	1.23280e+14
7.22731e+4	1.22361e+14
7.24064e+4	1.21448e+14
7.25397e+4	1.20542e+14
7.26730e+4	1.19642e+14
7.28064e+4	1.18749e+14
7.29397e+4	1.17862e+14
7.30730e+4	1.16982e+14
7.32063e+4	1.16108e+14
7.33397e+4	1.15240e+14
7.34730e+4	1.14379e+14
7.36063e+4	1.13523e+14
7.37396e+4	1.12674e+14
7.38730e+4	1.11831e+14
7.40063e+4	1.10994e+14
7.41396e+4	1.10163e+14
7.42730e+4	1.09338e+14
7.44063e+4	1.08519e+14
7.45396e+4	1.07706e+14
7.46729e+4	1.06898e+14
7.48063e+4	1.06097e+14
7.49396e+4	1.05301e+14
7.50729e+4	1.04511e+14
7.52062e+4	1.03727e+14
7.53396e+4	1.02949e+14
7.54729e+4	1.02176e+14
7.56062e+4	1.01408e+14
7.57395e+4	1.00647e+14
7.58729e+4	9.98905e+13
7.60062e+4	9.91398e+13
7.61395e+4	9.83945e+13
7.62729e+4	9.76546e+13
7.64062e+4	9.69201e+13
7.65395e+4	9.61909e+13
7.66728e+4	9.54671e+13
7.68062e+4	9.47485e+13
7.69395e+4	9.40351e+13
7.70728e+4	9.33269e+13
7.72061e+4	9.26239e+13
7.73395e+4	9.19260e+13
7.74728e+4	9.12331e+13
7.76061e+4	9.05453e+13
7.77394e+4	8.98626e+13
7.78728e+4	8.91848e+13
7.80061e+4	8.85119e+13
7.81394e+4	8.78440e+13
7.82728e+4	8.71810e+13
7.84061e+4	8.65227e+13
7.85394e+4	8.58693e+13
7.86727e+4	8.52207e+13
7.88061e+4	8.45768e+13
7.89394e+4	8.39377e+13
7.90727e+4	8.33032e+13
7.92060e+4	8.26733e+13
7.93394e+4	8.20481e+13
7.94727e+4	8.14275e+13
7.96060e+4	8.08114e+13
7.97393e+4	8.01998e+13
7.98727e+4	7.95927e+13
8.00060e+4	7.89901e+13
8.01393e+4	7.83919e+13
8.02727e+4	7.77980e+13
8.04060e+4	7.72086e+13
8.05393e+4	7.66235e+13
8.06726e+4	7.60426e+13
8.08060e+4	7.54661e+13
8.09393e+4	7.48938e+13
8.10726e+4	7.43257e+13
8.12059e+4	7.37618e+13
8.13393e+4	7.32020e+13
8.14726e+4	7.26464e+13
8.16059e+4	7.20949e+13
8.17392e+4	7.15474e+13
8.18726e+4	7.10040e+13
8.20059e+4	7.04645e+13
8.21392e+4	6.99291e+13
8.22726e+4	6.93976e+13
8.24059e+4	6.88700e+13
8.25392e+4	6.83464e+13
8.26725e+4	6.78266e+13
8.28059e+4	6.73106e+13
8.29392e+4	6.67985e+13
8.30725e+4	6.62902e+13
8.32058e+4	6.57856e+13
8.33392e+4	6.52847e+13
8.34725e+4	6.47876e+13
8.36058e+4	6.42942e+13
8.37391e+4	6.38044e+13
8.38725e+4	6.33182e+13
8.40058e+4	6.28356e+13
8.41391e+4	6.23567e+13
8.42725e+4	6.18812e+13
8.44058e+4	6.14093e+13
8.45391e+4	6.09410e+13
8.46724e+4	6.04760e+13
8.48058e+4	6.00146e+13
8.49391e+4	5.95566e+13
8.50724e+4	5.91019e+13
8.52057e+4	5.86507e+13
8.53391e+4	5.82028e+13
8.54724e+4	5.77583e+13
8.56057e+4	5.73170e+13
8.57390e+4	5.68791e+13
8.58724e+4	5.64444e+13
8.60057e+4	5.60129e+13
8.61390e+4	5.55847e+13
8.62724e+4	5.51596e+13
8.64057e+4	5.47378e+13
8.65390e+4	5.43190e+13
8.66723e+4	5.39034e+13
8.68057e+4	5.34909e+13
8.69390e+4	5.30815e+13
8.70723e+4	5.26751e+13
8.72056e+4	5.22718e+13
8.73390e+4	5.18715e+13
8.74723e+4	5.14742e+13
8.76056e+4	5.10798e+13
8.77389e+4	5.06884e+13
8.78723e+4	5.02999e+13
8.80056e+4	4.99143e+13
8.81389e+4	4.95317e+13
8.82723e+4	4.91518e+13
8.84056e+4	4.87749e+13
8.85389e+4	4.84007e+13
8.86722e+4	4.80294e+13
8.88056e+4	4.76608e+13
8.89389e+4	4.72950e+13
8.90722e+4	4.69320e+13
8.92055e+4	4.65716e+13
8.93389e+4	4.62140e+13
8.94722e+4	4.58591e+13
8.96055e+4	4.55068e+13
8.97388e+4	4.51572e+13
8.98722e+4	4.48102e+13
9.00055e+4	4.44658e+13
9.01388e+4	4.41239e+13
9.02722e+4	4.37847e+13
9.04055e+4	4.34480e+13
9.05388e+4	4.31139e+13
9.06721e+4	4.27822e+13
9.08055e+4	4.24531e+13
9.09388e+4	4.21264e+13
9.10721e+4	4.18022e+13
9.12054e+4	4.14804e+13
9.13388e+4	4.11611e+13
9.14721e+4	4.08441e+13
9.16054e+4	4.05296e+13
9.17387e+4	4.02174e+13
9.18721e+4	3.99076e+13
9.20054e+4	3.96001e+13
9.21387e+4	3.92949e+13
9.22721e+4	3.89921e+13
9.24054e+4	3.86915e+13
9.25387e+4	3.83932e+13
9.26720e+4	3.80971e+13
9.28054e+4	3.78033e+13
9.29387e+4	3.75117e+13
9.30720e+4	3.72223e+13
9.32053e+4	3.69351e+13
9.33387e+4	3.66501e+13
9.34720e+4	3.63672e+13
9.36053e+4	3.60864e+13
9.37386e+4	3.58078e+13
9.38720e+4	3.55313e+13
9.40053e+4	3.52569e+13
9.41386e+4	3.49845e+13
9.42720e+4	3.47143e+13
9.44053e+4	3.44460e+13
9.45386e+4	3.41798e+13
9.46719e+4	3.39157e+13
9.48053e+4	3.36535e+13
9.49386e+4	3.33933e+13
9.50719e+4	3.31351e+13
9.52052e+4	3.28788e+13
9.53386e+4	3.26245e+13
9.54719e+4	3.23721e+13
9.56052e+4	3.21216e+13
9.57385e+4	3.18731e+13
9.58719e+4	3.16264e+13
9.60052e+4	3.13816e+13
9.61385e+4	3.11386e+13
9.62719e+4	3.08975e+13
9.64052e+4	3.06583e+13
9.65385e+4	3.04208e+13
9.66718e+4	3.01852e+13
9.68052e+4	2.99513e+13
9.69385e+4	2.97193e+13
9.70718e+4	2.94890e+13
9.72051e+4	2.92604e+13
9.73385e+4	2.90336e+13
9.74718e+4	2.88085e+13
9.76051e+4	2.85851e+13
9.77384e+4	2.83634e+13
9.78718e+4	2.81435e+13
9.80051e+4	2.79251e+13
9.81384e+4	2.77085e+13
9.82718e+4	2.74935e+13
9.84051e+4	2.72802e+13
9.85384e+4	2.70684e+13
9.86717e+4	2.68583e+13
9.88051e+4	2.66498e+13
9.89384e+4	2.64429e+13
9.90717e+4	2.62375e+13
9.92050e+4	2.60338e+13
9.93384e+4	2.58315e+13
9.94717e+4	2.56309e+13
9.96050e+4	2.54317e+13
9.97383e+4	2.52341e+13
9.98717e+4	2.50380e+13
1.00005e+5	2.48434e+13
1.00138e+5	2.46503e+13
1.00272e+5	2.44586e+13
1.00405e+5	2.42684e+13
1.00538e+5	2.40797e+13
1.00672e+5	2.38924e+13
1.00805e+5	2.37066e+13
1.00938e+5	2.35221e+13
1.01072e+5	2.33391e+13
1.01205e+5	2.31575e+13
1.01338e+5	2.29773e+13
1.01472e+5	2.27984e+13
1.01605e+5	2.26209e+13
1.01738e+5	2.24448e+13
1.01872e+5	2.22701e+13
1.02005e+5	2.20966e+13
1.02138e+5	2.19245e+13
1.02272e+5	2.17537e+13
1.02405e+5	2.15843e+13
1.02538e+5	2.14161e+13
1.02672e+5	2.12492e+13
1.02805e+5	2.10836e+13
1.02938e+5	2.09193e+13
1.03072e+5	2.07562e+13
1.03205e+5	2.05944e+13
1.03338e+5	2.04338e+13
1.03471e+5	2.02745e+13
1.03605e+5	2.01164e+13
1.03738e+5	1.99595e+13
1.03871e+5	1.98038e+13
1.04005e+5	1.96492e+13
1.04138e+5	1.94959e+13
1.04271e+5	1.93438e+13
1.04405e+5	1.91928e+13
1.04538e+5	1.90430e+13
1.04671e+5	1.88944e+13
1.04805e+5	1.87468e+13
1.04938e+5	1.86005e+13
1.05071e+5	1.84552e+13
1.05205e+5	1.83111e+13
1.05338e+5	1.81681e+13
1.05471e+5	1.80261e+13
1.05605e+5	1.78853e+13
1.05738e+5	1.77456e+13
1.05871e+5	1.76069e+13
1.06005e+5	1.74693e+13
1.06138e+5	1.73327e+13
1.06271e+5	1.71973e+13
1.06405e+5	1.70628e+13
1.06538e+5	1.69294e+13
1.06671e+5	1.67970e+13
1.06805e+5	1.66657e+13
1.06938e+5	1.65353e+13
1.07071e+5	1.64060e+13
1.07205e+5	1.62776e+13
1.07338e+5	1.61503e+13
1.07471e+5	1.60239e+13
1.07605e+5	1.58985e+13
1.07738e+5	1.57741e+13
1.07871e+5	1.56506e+13
1.08005e+5	1.55281e+13
1.08138e+5	1.54065e+13
1.08271e+5	1.52859e+13
1.08405e+5	1.51662e+13
1.08538e+5	1.50474e+13
1.08671e+5	1.49296e+13
1.08805e+5	1.48126e+13
1.08938e+5	1.46966e+13
1.09071e+5	1.45814e+13
1.09205e+5	1.44672e+13
1.09338e+5	1.43538e+13
1.09471e+5	1.42413e+13
1.09605e+5	1.41297e+13
1.09738e+5	1.40189e+13
1.09871e+5	1.39090e+13
1.10004e+5	1.38000e+13
1.10138e+5	1.36917e+13
1.10271e+5	1.35844e+13
1.10404e+5	1.34778e+13
1.10538e+5	1.33721e+13
1.10671e+5	1.32672e+13
1.10804e+5	1.31631e+13
1.10938e+5	1.30599e+13
1.11071e+5	1.29574e+13
1.11204e+5	1.28557e+13
1.11338e+5	1.27548e+13
1.11471e+5	1.26547e+13
1.11604e+5	1.25553e+13
1.11738e+5	1.24568e+13
1.11871e+5	1.23590e+13
1.12004e+5	1.22619e+13
1.12138e+5	1.21656e+13
1.12271e+5	1.20701e+13
1.12404e+5	1.19753e+13
1.12538e+5	1.18812e+13
1.12671e+5	1.17879e+13
1.12804e+5	1.16953e+13
1.12938e+5	1.16034e+13
1.13071e+5	1.15122e+13
1.13204e+5	1.14217e+13
1.13338e+5	1.13319e+13
1.13471e+5	1.12429e+13
1.13604e+5	1.11545e+13
1.13738e+5	1.10668e+13
1.13871e+5	1.09798e+13
1.14004e+5	1.08934e+13
1.14138e+5	1.08078e+13
1.14271e+5	1.07228e+13
1.14404e+5	1.06384e+13
1.14538e+5	1.05547e+13
1.14671e+5	1.04717e+13
1.14804e+5	1.03893e+13
1.14938e+5	1.03076e+13
1.15071e+5	1.02264e+13
1.15204e+5	1.01460e+13
1.15338e+5	1.00661e+13
1.15471e+5	9.98687e+12
1.15604e+5	9.90825e+12
1.15738e+5	9.83024e+12
1.15871e+5	9.75284e+12
1.16004e+5	9.67605e+12
1.16138e+5	9.59985e+12
1.16271e+5	9.52424e+12
1.16404e+5	9.44923e+12
1.16538e+5	9.37479e+12
1.16671e+5	9.30094e+12
1.16804e+5	9.22767e+12
1.16937e+5	9.15496e+12
1.17071e+5	9.08282e+12
1.17204e+5	9.01124e+12
1.17337e+5	8.94022e+12
1.17471e+5	8.86976e+12
1.17604e+5	8.79984e+12
1.17737e+5	8.73047e+12
1.17871e+5	8.66164e+12
1.18004e+5	8.59335e+12
1.18137e+5	8.52559e+12
1.18271e+5	8.45835e+12
1.18404e+5	8.39165e+12
1.18537e+5	8.32546e+12
1.18671e+5	8.25979e+12
1.18804e+5	8.19463e+12
1.18937e+5	8.12998e+12
1.19071e+5	8.06584e+12
1.19204e+5	8.00219e+12
1.19337e+5	7.93905e+12
1.19471e+5	7.87639e+12
1.19604e+5	7.81423e+12
1.19737e+5	7.75255e+12
1.19871e+5	7.69135e+12
1.20004e+5	7.63063e+12
1.20137e+5	7.57039e+12
1.20271e+5	7.51061e+12
1.20404e+5	7.45131e+12
1.20537e+5	7.39246e+12
1.20671e+5	7.33408e+12
1.20804e+5	7.27615e+12
1.20937e+5	7.21868e+12
1.21071e+5	7.16166e+12
1.21204e+5	7.10508e+12
1.21337e+5	7.04894e+12
1.21471e+5	6.99325e+12
1.21604e+5	6.93798e+12
1.21737e+5	6.88316e+12
1.21871e+5	6.82876e+12
1.22004e+5	6.77478e+12
1.22137e+5	6.72123e+12
1.22271e+5	6.66810e+12
1.22404e+5	6.61538e+12
1.22537e+5	6.56308e+12
1.22671e+5	6.51118e+12
1.22804e+5	6.45969e+12
1.22937e+5	6.40861e+12
1.23071e+5	6.35793e+12
1.23204e+5	6.30764e+12
1.23337e+5	6.25774e+12
1.23470e+5	6.20824e+12
1.23604e+5	6.15913e+12
1.23737e+5	6.11040e+12
1.23870e+5	6.06205e+12
1.24004e+5	6.01408e+12
1.24137e+5	5.96649e+12
1.24270e+5	5.91927e+12
1.24404e+5	5.87242e+12
1.24537e+5	5.82593e+12
1.24670e+5	5.77982e+12
1.24804e+5	5.73406e+12
1.24937e+5	5.68866e+12
1.25070e+5	5.64362e+12
1.25204e+5	5.59893e+12
1.25337e+5	5.55460e+12
1.25470e+5	5.51061e+12
1.25604e+5	5.46696e+12
1.25737e+5	5.42366e+12
1.25870e+5	5.38070e+12
1.26004e+5	5.33807e+12
1.26137e+5	5.29578e+12
1.26270e+5	5.25383e+12
1.26404e+5	5.21220e+12
1.26537e+5	5.17090e+12
1.26670e+5	5.12992e+12
1.26804e+5	5.08926e+12
1.26937e+5	5.04893e+12
1.27070e+5	5.00891e+12
1.27204e+5	4.96920e+12
1.27337e+5	4.92981e+12
1.27470e+5	4.89073e+12
1.27604e+5	4.85195e+12
1.27737e+5	4.81348e+12
1.27870e+5	4.77531e+12
1.28004e+5	4.73744e+12
1.28137e+5	4.69987e+12
1.28270e+5	4.66260e+12
1.28404e+5	4.62561e+12
1.28537e+5	4.58892e+12
1.28670e+5	4.55252e+12
1.28804e+5	4.51640e+12
1.28937e+5	4.48057e+12
1.29070e+5	4.44502e+12
1.29204e+5	4.40975e+12
1.29337e+5	4.37475e+12
1.29470e+5	4.34003e+12
1.29604e+5	4.30559e+12
1.29737e+5	4.27142e+12
1.29870e+5	4.23751e+12
1.30003e+5	4.20387e+12
1.30137e+5	4.17050e+12
1.30270e+5	4.13739e+12
1.30403e+5	4.10454e+12
1.30537e+5	4.07195e+12
1.30670e+5	4.03961e+12
1.30803e+5	4.00753e+12
1.30937e+5	3.97570e+12
1.31070e+5	3.94413e+12
1.31203e+5	3.91280e+12
1.31337e+5	3.88172e+12
1.31470e+5	3.85088e+12
1.31603e+5	3.82029e+12
1.31737e+5	3.78994e+12
1.31870e+5	3.75983e+12
1.32003e+5	3.72995e+12
1.32137e+5	3.70031e+12
1.32270e+5	3.67090e+12
1.32403e+5	3.64173e+12
1.32537e+5	3.61279e+12
1.32670e+5	3.58407e+12
1.32803e+5	3.55558e+12
1.32937e+5	3.52731e+12
1.33070e+5	3.49927e+12
1.33203e+5	3.47145e+12
1.33337e+5	3.44385e+12
1.33470e+5	3.41647e+12
1.33603e+5	3.38930e+12
1.33737e+5	3.36235e+12
1.33870e+5	3.33561e+12
1.34003e+5	3.30908e+12
1.34137e+5	3.28276e+12
1.34270e+5	3.25664e+12
1.34403e+5	3.23074e+12
1.34537e+5	3.20504e+12
1.34670e+5	3.17954e+12
1.34803e+5	3.15424e+12
1.34937e+5	3.12914e+12
1.35070e+5	3.10424e+12
1.35203e+5	3.07954e+12
1.35337e+5	3.05503e+12
1.35470e+5	3.03072e+12
1.35603e+5	3.00660e+12
1.35737e+5	2.98266e+12
1.35870e+5	2.95892e+12
1.36003e+5	2.93537e+12
1.36137e+5	2.91200e+12
1.36270e+5	2.88882e+12
1.36403e+5	2.86581e+12
1.36537e+5	2.84300e+12
1.36670e+5	2.82036e+12
1.36803e+5	2.79790e+12
1.36936e+5	2.77562e+12
1.37070e+5	2.75351e+12
1.37203e+5	2.73158e+12
1.37336e+5	2.70982e+12
1.37470e+5	2.68823e+12
1.37603e+5	2.66682e+12
1.37736e+5	2.64557e+12
1.37870e+5	2.62450e+12
1.38003e+5	2.60359e+12
1.38136e+5	2.58284e+12
1.38270e+5	2.56226e+12
1.38403e+5	2.54184e+12
1.38536e+5	2.52158e+12
1.38670e+5	2.50149e+12
1.38803e+5	2.48155e+12
1.38936e+5	2.46177e+12
1.39070e+5	2.44215e+12
1.39203e+5	2.42268e+12
1.39336e+5	2.40337e+12
1.39470e+5	2.38421e+12
1.39603e+5	2.36520e+12
1.39736e+5	2.34634e+12
1.39870e+5	2.32763e+12
1.40003e+5	2.30907e+12
1.40136e+5	2.29065e+12
1.40270e+5	2.27239e+12
1.40403e+5	2.25426e+12
1.40536e+5	2.23628e+12
1.40670e+5	2.21845e+12
1.40803e+5	2.20075e+12
1.40936e+5	2.18319e+12
1.41070e+5	2.16578e+12
1.41203e+5	2.14850e+12
1.41336e+5	2.13136e+12
1.41470e+5	2.11435e+12
1.41603e+5	2.09748e+12
1.41736e+5	2.08074e+12
1.41870e+5	2.06414e+12
1.42003e+5	2.04766e+12
1.42136e+5	2.03132e+12
1.42270e+5	2.01511e+12
1.42403e+5	1.99902e+12
1.42536e+5	1.98307e+12
1.42670e+5	1.96724e+12
1.42803e+5	1.95153e+12
1.42936e+5	1.93595e+12
1.43070e+5	1.92050e+12
1.43203e+5	1.90516e+12
1.43336e+5	1.88995e+12
1.43469e+5	1.87486e+12
1.43603e+5	1.85989e+12
1.43736e+5	1.84503e+12
1.43869e+5	1.83030e+12
1.44003e+5	1.81568e+12
1.44136e+5	1.80118e+12
1.44269e+5	1.78679e+12
1.44403e+5	1.77252e+12
1.44536e+5	1.75836e+12
1.44669e+5	1.74431e+12
1.44803e+5	1.73038e+12
1.44936e+5	1.71655e+12
1.45069e+5	1.70283e+12
1.45203e+5	1.68923e+12
1.45336e+5	1.67573e+12
1.45469e+5	1.66234e+12
1.45603e+5	1.64905e+12
1.45736e+5	1.63587e+12
1.45869e+5	1.62280e+12
1.46003e+5	1.60983e+12
1.46136e+5	1.59696e+12
1.46269e+5	1.58420e+12
1.46403e+5	1.57153e+12
1.46536e+5	1.55897e+12
1.46669e+5	1.54651e+12
1.46803e+5	1.53414e+12
1.46936e+5	1.52187e+12
1.47069e+5	1.50971e+12
1.47203e+5	1.49763e+12
1.47336e+5	1.48566e+12
1.47469e+5	1.47378e+12
1.47603e+5	1.46199e+12
1.47736e+5	1.45030e+12
1.47869e+5	1.43870e+12
1.48003e+5	1.42719e+12
1.48136e+5	1.41577e+12
1.48269e+5	1.40445e+12
1.48403e+5	1.39321e+12
1.48536e+5	1.38207e+12
1.48669e+5	1.37101e+12
1.48803e+5	1.36004e+12
1.48936e+5	1.34916e+12
1.49069e+5	1.33836e+12
1.49203e+5	1.32765e+12
1.49336e+5	1.31703e+12
1.49469e+5	1.30649e+12
1.49603e+5	1.29603e+12
1.49736e+5	1.28566e+12
1.49869e+5	1.27537e+12
1.50002e+5	1.26516e+12
1.50136e+5	1.25504e+12
1.50269e+5	1.24499e+12
1.50402e+5	1.23502e+12
1.50536e+5	1.22514e+12
1.50669e+5	1.21533e+12
1.50802e+5	1.20560e+12
1.50936e+5	1.19594e+12
1.51069e+5	1.18637e+12
1.51202e+5	1.17687e+12
1.51336e+5	1.16744e+12
1.51469e+5	1.15809e+12
1.51602e+5	1.14882e+12
1.51736e+5	1.13962e+12
1.51869e+5	1.13049e+12
1.52002e+5	1.12144e+12
1.52136e+5	1.11245e+12
1.52269e+5	1.10354e+12
1.52402e+5	1.09470e+12
1.52536e+5	1.08593e+12
1.52669e+5	1.07723e+12
1.52802e+5	1.06860e+12
1.52936e+5	1.06004e+12
1.53069e+5	1.05155e+12
1.53202e+5	1.04312e+12
1.53336e+5	1.03476e+12
1.53469e+5	1.02647e+12
1.53602e+5	1.01825e+12
1.53736e+5	1.01009e+12
1.53869e+5	1.00199e+12
1.54002e+5	9.93960e+11
1.54136e+5	9.85993e+11
1.54269e+5	9.78090e+11
1.54402e+5	9.70249e+11
1.54536e+5	9.62472e+11
1.54669e+5	9.54756e+11
1.54802e+5	9.47102e+11
1.54936e+5	9.39509e+11
1.55069e+5	9.31976e+11
1.55202e+5	9.24504e+11
1.55336e+5	9.17091e+11
1.55469e+5	9.09737e+11
1.55602e+5	9.02442e+11
1.55736e+5	8.95205e+11
1.55869e+5	8.88026e+11
1.56002e+5	8.80904e+11
1.56136e+5	8.73839e+11
1.56269e+5	8.66831e+11
1.56402e+5	8.59878e+11
1.56536e+5	8.52981e+11
1.56669e+5	8.46139e+11
1.56802e+5	8.39351e+11
1.56935e+5	8.32618e+11
1.57069e+5	8.25938e+11
1.57202e+5	8.19312e+11
1.57335e+5	8.12738e+11
1.57469e+5	8.06217e+11
1.57602e+5	7.99748e+11
1.57735e+5	7.93331e+11
1.57869e+5	7.86965e+11
1.58002e+5	7.80650e+11
1.58135e+5	7.74385e+11
1.58269e+5	7.68170e+11
1.58402e+5	7.62005e+11
1.58535e+5	7.55889e+11
1.58669e+5	7.49822e+11
1.58802e+5	7.43804e+11
1.58935e+5	7.37833e+11
1.59069e+5	7.31910e+11
1.59202e+5	7.26035e+11
1.59335e+5	7.20206e+11
1.59469e+5	7.14424e+11
1.59602e+5	7.08689e+11
1.59735e+5	7.02999e+11
1.59869e+5	6.97354e+11
1.60002e+5	6.91755e+11
1.60135e+5	6.86200e+11
1.60269e+5	6.80690e+11
1.60402e+5	6.75224e+11
1.60535e+5	6.69801e+11
1.60669e+5	6.64422e+11
1.60802e+5	6.59086e+11
1.60935e+5	6.53792e+11
1.61069e+5	6.48541e+11
1.61202e+5	6.43332e+11
1.61335e+5	6.38164e+11
1.61469e+5	6.33038e+11
1.61602e+5	6.27953e+11
1.61735e+5	6.22908e+11
1.61869e+5	6.17904e+11
1.62002e+5	6.12939e+11
1.62135e+5	6.08015e+11
1.62269e+5	6.03130e+11
1.62402e+5	5.98284e+11
1.62535e+5	5.93476e+11
1.62669e+5	5.88707e+11
1.62802e+5	5.83977e+11
1.62935e+5	5.79284e+11
1.63069e+5	5.74628e+11
1.63202e+5	5.70010e+11
1.63335e+5	5.65429e+11
1.63468e+5	5.60884e+11
1.63602e+5	5.56376e+11
1.63735e+5	5.51904e+11
1.63868e+5	5.47468e+11
1.64002e+5	5.43067e+11
1.64135e+5	5.38701e+11
1.64268e+5	5.34371e+11
1.64402e+5	5.30075e+11
1.64535e+5	5.25813e+11
1.64668e+5	5.21586e+11
1.64802e+5	5.17392e+11
1.64935e+5	5.13232e+11
1.65068e+5	5.09105e+11
1.65202e+5	5.05011e+11
1.65335e+5	5.00950e+11
1.65468e+5	4.96922e+11
1.65602e+5	4.92926e+11
1.65735e+5	4.88961e+11
1.65868e+5	4.85029e+11
1.66002e+5	4.81128e+11
1.66135e+5	4.77258e+11
1.66268e+5	4.73419e+11
1.66402e+5	4.69611e+11
1.66535e+5	4.65834e+11
1.66668e+5	4.62087e+11
1.66802e+5	4.58369e+11
1.66935e+5	4.54682e+11
1.67068e+5	4.51024e+11
1.67202e+5	4.47395e+11
1.67335e+5	4.43796e+11
1.67468e+5	4.40225e+11
1.67602e+5	4.36683e+11
1.67735e+5	4.33169e+11
1.67868e+5	4.29684e+11
1.68002e+5	4.26226e+11
1.68135e+5	4.22796e+11
1.68268e+5	4.19394e+11
1.68402e+5	4.16018e+11
1.68535e+5	4.12670e+11
1.68668e+5	4.09349e+11
1.68802e+5	4.06054e+11
1.68935e+5	4.02786e+11
1.69068e+5	3.99544e+11
1.69202e+5	3.96328e+11
1.69335e+5	3.93138e+11
1.69468e+5	3.89973e+11
1.69602e+5	3.86834e+11
1.69735e+5	3.83719e+11
1.69868e+5	3.80630e+11
1.70001e+5	3.77566e+11
1.70135e+5	3.74526e+11
1.70268e+5	3.71510e+11
1.70401e+5	3.68519e+11
1.70535e+5	3.65552e+11
1.70668e+5	3.62608e+11
1.70801e+5	3.59688e+11
1.70935e+5	3.56792e+11
1.71068e+5	3.53918e+11
1.71201e+5	3.51068e+11
1.71335e+5	3.48241e+11
1.71468e+5	3.45436e+11
1.71601e+5	3.42654e+11
1.71735e+5	3.39894e+11
1.71868e+5	3.37156e+11
1.72001e+5	3.34440e+11
1.72135e+5	3.31747e+11
1.72268e+5	3.29074e+11
1.72401e+5	3.26423e+11
1.72535e+5	3.23794e+11
1.72668e+5	3.21185e+11
1.72801e+5	3.18597e+11
1.72935e+5	3.16031e+11
1.73068e+5	3.13484e+11
1.73201e+5	3.10959e+11
1.73335e+5	3.08453e+11
1.73468e+5	3.05968e+11
1.73601e+5	3.03502e+11
1.73735e+5	3.01056e+11
1.73868e+5	2.98630e+11
1.74001e+5	2.96224e+11
1.74135e+5	2.93837e+11
1.74268e+5	2.91468e+11
1.74401e+5	2.89119e+11
1.74535e+5	2.86789e+11
1.74668e+5	2.84478e+11
1.74801e+5	2.82185e+11
1.74935e+5	2.79910e+11
1.75068e+5	2.77654e+11
1.75201e+5	2.75416e+11
1.75335e+5	2.73196e+11
1.75468e+5	2.70993e+11
1.75601e+5	2.68809e+11
1.75735e+5	2.66641e+11
1.75868e+5	2.64492e+11
1.76001e+5	2.62359e+11
1.76135e+5	2.60244e+11
1.76268e+5	2.58146e+11
1.76401e+5	2.56064e+11
1.76535e+5	2.53999e+11
1.76668e+5	2.51951e+11
1.76801e+5	2.49920e+11
1.76934e+5	2.47904e+11
1.77068e+5	2.45905e+11
1.77201e+5	2.43922e+11
1.77334e+5	2.41955e+11
1.77468e+5	2.40003e+11
1.77601e+5	2.38068e+11
1.77734e+5	2.36147e+11
1.77868e+5	2.34243e+11
1.78001e+5	2.32353e+11
1.78134e+5	2.30479e+11
1.78268e+5	2.28620e+11
1.78401e+5	2.26776e+11
1.78534e+5	2.24946e+11
1.78668e+5	2.23132e+11
1.78801e+5	2.21332e+11
1.78934e+5	2.19546e+11
1.79068e+5	2.17775e+11
1.79201e+5	2.16018e+11
1.79334e+5	2.14275e+11
1.79468e+5	2.12546e+11
1.79601e+5	2.10831e+11
1.79734e+5	2.09130e+11
1.79868e+5	2.07442e+11
1.80001e+5	2.05768e+11
1.80134e+5	2.04108e+11
1.80268e+5	2.02461e+11
1.80401e+5	2.00827e+11
1.80534e+5	1.99206e+11
1.80668e+5	1.97598e+11
1.80801e+5	1.96004e+11
1.80934e+5	1.94422e+11
1.81068e+5	1.92852e+11
1.81201e+5	1.91296e+11
1.81334e+5	1.89752e+11
1.81468e+5	1.88220e+11
1.81601e+5	1.86701e+11
1.81734e+5	1.85194e+11
1.81868e+5	1.83699e+11
1.82001e+5	1.82216e+11
1.82134e+5	1.80744e+11
1.82268e+5	1.79285e+11
1.82401e+5	1.77838e+11
1.82534e+5	1.76402e+11
1.82668e+5	1.74978e+11
1.82801e+5	1.73565e+11
1.82934e+5	1.72164e+11
1.83068e+5	1.70773e+11
1.83201e+5	1.69394e+11
1.83334e+5	1.68027e+11
1.83467e+5	1.66670e+11
1.83601e+5	1.65324e+11
1.83734e+5	1.63989e+11
1.83867e+5	1.62664e+11
1.84001e+5	1.61351e+11
1.84134e+5	1.60047e+11
1.84267e+5	1.58755e+11
1.84401e+5	1.57473e+11
1.84534e+5	1.56201e+11
1.84667e+5	1.54939e+11
1.84801e+5	1.53688e+11
1.84934e+5	1.52446e+11
1.85067e+5	1.51215e+11
1.85201e+5	1.49993e+11
1.85334e+5	1.48781e+11
1.85467e+5	1.47580e+11
1.85601e+5	1.46387e+11
1.85734e+5	1.45205e+11
1.85867e+5	1.44031e+11
1.86001e+5	1.42868e+11
1.86134e+5	1.41714e+11
1.86267e+5	1.40568e+11
1.86401e+5	1.39433e+11
1.86534e+5	1.38306e+11
1.86667e+5	1.37189e+11
1.86801e+5	1.36080e+11
1.86934e+5	1.34980e+11
1.87067e+5	1.33890e+11
1.87201e+5	1.32808e+11
1.87334e+5	1.31734e+11
1.87467e+5	1.30670e+11
1.87601e+5	1.29614e+11
1.87734e+5	1.28566e+11
1.87867e+5	1.27527e+11
1.88001e+5	1.26496e+11
1.88134e+5	1.25474e+11
1.88267e+5	1.24460e+11
1.88401e+5	1.23454e+11
1.88534e+5	1.22456e+11
1.88667e+5	1.21466e+11
1.88801e+5	1.20484e+11
1.88934e+5	1.19510e+11
1.89067e+5	1.18544e+11
1.89201e+5	1.17586e+11
1.89334e+5	1.16635e+11
1.89467e+5	1.15692e+11
1.89601e+5	1.14757e+11
1.89734e+5	1.13829e+11
1.89867e+5	1.12908e+11
1.90000e+5	1.11996e+11
1.90134e+5	1.11090e+11
1.90267e+5	1.10192e+11
1.90400e+5	1.09301e+11
1.90534e+5	1.08417e+11
1.90667e+5	1.07540e+11
1.90800e+5	1.06671e+11
1.90934e+5	1.05808e+11
1.91067e+5	1.04952e+11
1.91200e+5	1.04104e+11
1.91334e+5	1.03262e+11
1.91467e+5	1.02426e+11
1.91600e+5	1.01598e+11
1.91734e+5	1.00776e+11
1.91867e+5	9.99612e+10
1.92000e+5	9.91527e+10
1.92134e+5	9.83507e+10
1.92267e+5	9.75552e+10
1.92400e+5	9.67660e+10
1.92534e+5	9.59833e+10
1.92667e+5	9.52068e+10
1.92800e+5	9.44367e+10
1.92934e+5	9.36727e+10
1.93067e+5	9.29149e+10
1.93200e+5	9.21632e+10
1.93334e+5	9.14176e+10
1.93467e+5	9.06780e+10
1.93600e+5	8.99443e+10
1.93734e+5	8.92166e+10
1.93867e+5	8.84947e+10
1.94000e+5	8.77787e+10
1.94134e+5	8.70685e+10
1.94267e+5	8.63639e+10
1.94400e+5	8.56651e+10
1.94534e+5	8.49719e+10
1.94667e+5	8.42843e+10
1.94800e+5	8.36022e+10
1.94934e+5	8.29257e+10
1.95067e+5	8.22546e+10
1.95200e+5	8.15889e+10
1.95334e+5	8.09286e+10
1.95467e+5	8.02736e+10
1.95600e+5	7.96239e+10
1.95734e+5	7.89795e+10
1.95867e+5	7.83403e+10
1.96000e+5	7.77062e+10
1.96134e+5	7.70772e+10
1.96267e+5	7.64533e+10
1.96400e+5	7.58345e+10
1.96534e+5	7.52206e+10
1.96667e+5	7.46117e+10
1.96800e+5	7.40077e+10
1.96933e+5	7.34086e+10
1.97067e+5	7.28143e+10
1.97200e+5	7.22248e+10
1.97333e+5	7.16401e+10
1.97467e+5	7.10601e+10
1.97600e+5	7.04848e+10
1.97733e+5	6.99141e+10
1.97867e+5	6.93481e+10
1.98000e+5	6.87866e+10
1.98133e+5	6.82296e+10
1.98267e+5	6.76772e+10
1.98400e+5	6.71292e+10
1.98533e+5	6.65856e+10
1.98667e+5	6.60464e+10
1.98800e+5	6.55116e+10
1.98933e+5	6.49811e+10
1.99067e+5	6.44549e+10
1.99200e+5	6.39329e+10
1.99333e+5	6.34151e+10
1.99467e+5	6.29016e+10
1.99600e+5	6.23921e+10
1.99733e+5	6.18868e+10
1.99867e+5	6.13856e+10
2.00000e+5	6.08884e+10